precision:0.7924365204528007
recall:0.7524677296886864
acc:0.7776006074411541
f1:0.7718968007383116
AUC:0.8442861269226845
AUPR:0.8584584782962228

