precision:0.867977510030492
recall:0.8407079646017699
acc:0.8556047197640119
f1:0.8532169843613033
AUC:0.9254648845728806
AUPR:0.9143164848492032
Matthews Correlation Coefficient:0.7129373051357495
