precision:0.8861911987860395
recall:0.8613569321533924
acc:0.8753687315634219
f1:0.8735976065818998
AUC:0.9292013644155551
AUPR:0.9173111022252244
Matthews Correlation Coefficient:0.7510324222237412
