precision:0.8388489208633093
recall:0.859882005899705
acc:0.8473451327433629
f1:0.8492352512745812
AUC:0.9205736984537204
AUPR:0.9121785467432133
Matthews Correlation Coefficient:0.6949087418761627
