precision:0.9013377926421404
recall:0.7949852507374632
acc:0.8539823008849557
f1:0.8448275862068966
AUC:0.9324166166322952
AUPR:0.9323109903546756
Matthews Correlation Coefficient:0.7129450245955763
