precision:0.8401122019635343
recall:0.883480825958702
acc:0.8576696165191741
f1:0.8612508986340762
AUC:0.9224597767161791
AUPR:0.9007919894839713
Matthews Correlation Coefficient:0.7162942867948284
