precision:0.8733974358974359
recall:0.803834808259587
acc:0.8436578171091446
f1:0.837173579109063
AUC:0.922672966646653
AUPR:0.9089897954389315
Matthews Correlation Coefficient:0.6895060501884389
