precision:0.8815145499765427
recall:0.7971146545178436
acc:0.8447987851176917
f1:0.8367634371485266
AUC:0.9348164214359388
AUPR:0.9291963060110102
Matthews Correlation Coefficient:0.6932943837459016
