precision:0.879222972972973
recall:0.7904328018223234
acc:0.8409263477600607
f1:0.8324670131947222
AUC:0.9326020516705495
AUPR:0.9223530872830946
Matthews Correlation Coefficient:0.6853564184545649
