precision:0.8885987815491732
recall:0.7752467729688687
acc:0.8390280941533789
f1:0.8280616382806163
AUC:0.9295060389544126
AUPR:0.9251904244258433
Matthews Correlation Coefficient:0.6836411840898114
