precision:0.8936550491510277
recall:0.7593014426727411
acc:0.8344722854973424
f1:0.8210180623973727
AUC:0.9309727533584818
AUPR:0.9268947850430664
Matthews Correlation Coefficient:0.676635140433927
