precision:0.86810551558753
recall:0.8246013667425968
acc:0.8496583143507973
f1:0.8457943925233644
AUC:0.9378427882794299
AUPR:0.9359028931237636
Matthews Correlation Coefficient:0.7001964189420183
