precision:0.8779904306220095
recall:0.835990888382688
acc:0.8599088838268792
f1:0.8564760793465578
AUC:0.9431584749168199
AUPR:0.935640340179283
Matthews Correlation Coefficient:0.720642756809186
