precision:0.8359588264073301
recall:0.8351000351000352
acc:0.8355585649452554
f1:0.834842303329031
AUC:0.9108811480138133
AUPR:0.893302450623587
Matthews Correlation Coefficient:0.6721542307720704
