precision:0.8275058275058275
recall:0.874384236453202
acc:0.8460591133004927
f1:0.8502994011976048
AUC:0.9139629692542892
AUPR:0.8953172475373412
Matthews Correlation Coefficient:0.6932314972419691
