precision:0.8260869565217391
recall:0.7469287469287469
acc:0.7945879458794588
f1:0.784516129032258
AUC:0.8930840827392552
AUPR:0.8635962544031195
Matthews Correlation Coefficient:0.5919537749549927
