precision:0.8494897959183674
recall:0.8201970443349754
acc:0.8376383763837638
f1:0.8345864661654135
AUC:0.9024219024219025
AUPR:0.8851853614973331
Matthews Correlation Coefficient:0.6756633737719241
