precision:0.8602409638554217
recall:0.8793103448275862
acc:0.8682266009852216
f1:0.8696711327649208
AUC:0.9351355286466548
AUPR:0.9189430058652301
Matthews Correlation Coefficient:0.7366342143198722
