precision:0.8164705882352942
recall:0.854679802955665
acc:0.8312807881773399
f1:0.835138387484958
AUC:0.9098012570069645
AUPR:0.9034703838149113
Matthews Correlation Coefficient:0.6632882935715939
