precision:0.7482297675777132
recall:0.7039143434944977
acc:0.7335521718741751
f1:0.725153941952477
AUC:0.8038916894931564
AUPR:0.8233212620561903


