precision:0.8084505236178755
recall:0.7578171091445427
acc:0.7890855457227138
f1:0.7822362933968597
AUC:0.8591662968473995
AUPR:0.8776310490828358


