precision:0.7275448822456172
recall:0.6819259026155577
acc:0.7129520901120341
f1:0.7038012072257412
AUC:0.7572216071451675
AUPR:0.7848956601700559

