precision:0.7336808924168589
recall:0.6679867495440504
acc:0.7123654127446017
f1:0.6990221277468307
AUC:0.753981057084216
AUPR:0.7811311675075777

