precision:0.7430746472659598
recall:0.7168843272291548
acc:0.7343603633080665
f1:0.7293713982836222
AUC:0.8019707086719148
AUPR:0.8199946092909824

