precision:0.8337141883951507
recall:0.8210555700301484
acc:0.8282584323748537
f1:0.8266618428421312
AUC:0.9069705638139116
AUPR:0.89324891492161
Matthews Correlation Coefficient:0.6576347683599789
