precision:0.839572192513369
recall:0.7830423940149626
acc:0.816708229426434
f1:0.8103225806451613
AUC:0.8988532409624319
AUPR:0.8950300540224837
Matthews Correlation Coefficient:0.634857173202237
