precision:0.8559782608695652
recall:0.7835820895522388
acc:0.825653798256538
f1:0.8181818181818182
AUC:0.9148025458741208
AUPR:0.8911333680980236
Matthews Correlation Coefficient:0.6536914009755743
