precision:0.8299492385786802
recall:0.8154613466334164
acc:0.8241895261845387
f1:0.8226415094339623
AUC:0.903794130633516
AUPR:0.8875850104615828
Matthews Correlation Coefficient:0.6484778634348166
