precision:0.8038277511961722
recall:0.8379052369077307
acc:0.816708229426434
f1:0.8205128205128205
AUC:0.8889838993538598
AUPR:0.8667084838963617
Matthews Correlation Coefficient:0.6339864319157544
