precision:0.8392434988179669
recall:0.885286783042394
acc:0.8580323785803238
f1:0.8616504854368933
AUC:0.9284190022456297
AUPR:0.9257876581295981
Matthews Correlation Coefficient:0.7171609722715121
