precision:0.7801880090549975
recall:0.7557787971581075
acc:0.77129708735511
f1:0.7676184295885047
AUC:0.8415280934730569
AUPR:0.857425694659138


