precision:0.8419176730881262
recall:0.8266808680601784
acc:0.8355537176061416
f1:0.8340026168461628
AUC:0.8908662264743461
AUPR:0.8801915386792167

