precision:0.8430020091488576
recall:0.8312684365781712
acc:0.8382005899705014
f1:0.8370460622200643
AUC:0.8780705876210615
AUPR:0.8716370691988999

