precision:0.813696001861081
recall:0.74958238420653
acc:0.7887623386484435
f1:0.7802021072603307
AUC:0.8540200600868614
AUPR:0.8791715524279364


