precision:0.755081007263106
recall:0.720838451135842
acc:0.743274752098583
f1:0.7373389777294763
AUC:0.8071571205359636
AUPR:0.8279398209419829

