precision:0.7567307111030821
recall:0.7287009355974873
acc:0.7471736983379687
f1:0.7419756013734766
AUC:0.8218841892020082
AUPR:0.8316648824327965


