precision:0.8359590479994891
recall:0.829612756264237
acc:0.8331055429005316
f1:0.8321725168766715
AUC:0.9142402171475288
AUPR:0.902439304994236
Matthews Correlation Coefficient:0.6671447820507383
