precision:0.8414096916299559
recall:0.8701594533029613
acc:0.8530751708428246
f1:0.8555431131019038
AUC:0.9239701145409398
AUPR:0.9159614736440429
Matthews Correlation Coefficient:0.706562915001293
