precision:0.8430744595676541
recall:0.7995444191343963
acc:0.8253606681852695
f1:0.8207326578332035
AUC:0.9117866991373251
AUPR:0.9012932611825477
Matthews Correlation Coefficient:0.6515904583512645
