precision:0.8503740648379052
recall:0.7767653758542141
acc:0.8200455580865603
f1:0.8119047619047619
AUC:0.9128850053243347
AUPR:0.8995967928961797
Matthews Correlation Coefficient:0.6425026808041091
