precision:0.8171965317919075
recall:0.8587699316628702
acc:0.8333333333333334
f1:0.8374676045908923
AUC:0.9087166306618262
AUPR:0.8883900055558867
Matthews Correlation Coefficient:0.6675310388748015
