precision:0.8277404921700223
recall:0.8428246013667426
acc:0.8337129840546698
f1:0.8352144469525961
AUC:0.913842636073218
AUPR:0.9069549916925224
Matthews Correlation Coefficient:0.6675368172222237
