precision:0.8932856636991964
recall:0.86409508478474
acc:0.8801101557813608
f1:0.8781511994397185
AUC:0.9498246846556683
AUPR:0.9399080027823159
Matthews Correlation Coefficient:0.7610919366282228
