precision:0.9086161879895561
recall:0.8571428571428571
acc:0.8854679802955665
f1:0.8821292775665398
AUC:0.9562049552282268
AUPR:0.9456987086907032
Matthews Correlation Coefficient:0.7721760093834033
