precision:0.9115281501340483
recall:0.8374384236453202
acc:0.8782287822878229
f1:0.8729139922978177
AUC:0.9445116858909962
AUPR:0.9337391445834674
Matthews Correlation Coefficient:0.7589383426361127
