precision:0.8888888888888888
recall:0.8669950738916257
acc:0.8793103448275862
f1:0.8778054862842892
AUC:0.9557802907131938
AUPR:0.9503154043305833
Matthews Correlation Coefficient:0.7588509081859893
