precision:0.8657074340527577
recall:0.8869778869778869
acc:0.8745387453874539
f1:0.8762135922330097
AUC:0.9384720591617144
AUPR:0.9224877483003908
Matthews Correlation Coefficient:0.7492962936597554
