precision:0.8916876574307305
recall:0.8719211822660099
acc:0.8830049261083743
f1:0.8816936488169366
AUC:0.9541544322842098
AUPR:0.9472990080064343
Matthews Correlation Coefficient:0.7661981292758536
