precision:0.805650047567752
recall:0.7088838268792711
acc:0.7689445709946849
f1:0.7541180785230175
AUC:0.8235232394094169
AUPR:0.8499425239394917

