precision:0.8132847164006882
recall:0.7365223993925589
acc:0.783675018982536
f1:0.7729414216534732
AUC:0.8480815387125545
AUPR:0.8714314179214607


