precision:0.8673427980931929
recall:0.7726651480637813
acc:0.8272589217919514
f1:0.8172310549420139
AUC:0.8805927855408712
AUPR:0.8938258701703766

