precision:0.7767785429310443
recall:0.6961651917404129
acc:0.7479351032448378
f1:0.734127906292533
AUC:0.8074129184396236
AUPR:0.8287951462504048

