precision:0.7745147814032063
recall:0.7625368731563421
acc:0.7702064896755162
f1:0.76843876329291
AUC:0.839358124276677
AUPR:0.8577096683513726

