precision:0.780089287313422
recall:0.7377886130445032
acc:0.7647059188889545
f1:0.7581663765899107
AUC:0.8297267835238147
AUPR:0.8496291518898026


