precision:0.8116325970485676
recall:0.8100792794134067
acc:0.8108194644149279
f1:0.8106855415021108
AUC:0.8568306687036085
AUPR:0.8252072582316963

