precision:0.8930290897843012
recall:0.8536873156342184
acc:0.8753687315634219
f1:0.872460323368907
AUC:0.9483353782163398
AUPR:0.9423033645709893
Matthews Correlation Coefficient:0.7521463961529895
