precision:0.8928046989720999
recall:0.8967551622418879
acc:0.894542772861357
f1:0.8947755702722591
AUC:0.9571792796790839
AUPR:0.9470612042905919
Matthews Correlation Coefficient:0.7890932704577445
