precision:0.8592375366568915
recall:0.8643067846607669
acc:0.8613569321533924
f1:0.861764705882353
AUC:0.9306393087425274
AUPR:0.9269750145858106
Matthews Correlation Coefficient:0.7227264422121495
