precision:0.9074380165289256
recall:0.8097345132743363
acc:0.8635693215339233
f1:0.8558067030397507
AUC:0.9472093873182447
AUPR:0.9342458456046541
Matthews Correlation Coefficient:0.7313904131730096
