precision:0.9129746835443038
recall:0.8510324483775811
acc:0.8849557522123894
f1:0.8809160305343511
AUC:0.952811061511821
AUPR:0.9501129317912255
Matthews Correlation Coefficient:0.7716896593934082
