precision:0.8926905132192846
recall:0.8466076696165191
acc:0.8724188790560472
f1:0.8690386071158214
AUC:0.9538378538300223
AUPR:0.9531218265826642
Matthews Correlation Coefficient:0.7458321955286358
