precision:0.8713510309199967
recall:0.8688862421061774
acc:0.8701468619857579
f1:0.869945851308173
AUC:0.9420292552201586
AUPR:0.9341549622445211
Matthews Correlation Coefficient:0.7405790545488057
