precision:0.8492822966507177
recall:0.8830845771144279
acc:0.863013698630137
f1:0.8658536585365855
AUC:0.9389585737149663
AUPR:0.9355431559797518
Matthews Correlation Coefficient:0.7265906008654305
