precision:0.8604651162790697
recall:0.830423940149626
acc:0.8480697384806973
f1:0.8451776649746193
AUC:0.9407637622362005
AUPR:0.9327100759144102
Matthews Correlation Coefficient:0.6965494319254191
