precision:0.8994845360824743
recall:0.8703241895261845
acc:0.8865336658354115
f1:0.8846641318124209
AUC:0.9483647489754417
AUPR:0.9405403018601722
Matthews Correlation Coefficient:0.7734738946019825
