precision:0.8740740740740741
recall:0.8827930174563591
acc:0.8778054862842892
f1:0.8784119106699751
AUC:0.9444406440258457
AUPR:0.9381556858613505
Matthews Correlation Coefficient:0.7556485677261099
