precision:0.8734491315136477
recall:0.8778054862842892
acc:0.8753117206982544
f1:0.8756218905472637
AUC:0.9376185471483386
AUPR:0.9238255916069203
Matthews Correlation Coefficient:0.7506327776250866
