precision:0.7992205744294719
recall:0.7433628318584071
acc:0.7783185840707965
f1:0.7702547065438203
AUC:0.8450041767823112
AUPR:0.8632819868069855


